0.00238531199283898
0.00423414539545774
0.00442944932729006
0.00221539498306811
0.000693195266649127
0.00148034107405692
0.00441163266077638
0.00624696351587772
0.00849614664912224
0.00652381451800466
0.00564934406429529
0.00563065521419048
0.00393880205228925
0.00270275329239666
0.000621979532297701
-0.0015186769887805
-0.00509603694081306
-0.00751543510705233
-0.00664773210883141
-0.00459813419729471
0.00197675195522606
0.00760904839262366
0.0114413285627961
0.0131931751966476
0.0118712363764644
0.0114265689626336
0.0136225894093513
0.0184375252574682
0.023293262347579
0.0284890420734882
0.0357683412730694
0.04909273609519
0.0617127530276775
0.0622164569795132
0.0605790428817272
0.0569441914558411
0.0549903698265553
0.0569132193922997
0.0648392289876938
0.0789278224110603
0.0967348217964172
0.107604719698429
0.116465449333191
0.11999586969614
0.119700022041798
0.116932839155197
0.113817155361176
0.111643582582474
0.104185827076435
0.102551959455013
0.102416642010212
0.103679411113262
0.10844910889864
0.11944741755724
0.125806525349617
0.136033952236176
0.136183947324753
0.121445536613464
0.116504348814487
0.103740461170673
0.0911278054118156
0.0823891907930374
0.0813244357705116
0.0885391533374786
0.100051134824753
0.104500330984592
0.112764321267605
0.111867882311344
0.101976990699768
0.0851515904068947
0.0740662515163422
0.070109136402607
0.0623324885964394
0.0532567575573921
0.0508352629840374
0.0582065582275391
0.0635947808623314
0.0610212050378323
0.0540335923433304
0.0443185418844223
0.0403007306158543
0.0418337993323803
0.0386534184217453
0.0333194136619568
0.0228636339306831
0.0142410239204764
0.00784449279308319
0.0026999949477613
-0.000339918216923252
0.00692620268091559
0.0131076127290726
0.0131836589425802
0.00381312659010291
-0.00487740896642208
-0.0105703063309193
-0.0256644897162914
-0.0324968695640564
-0.0372341834008694
-0.0352353267371655
-0.0284220781177282
-0.0220943931490183
-0.0182016286998987
-0.0228219572454691
-0.0319194868206978
-0.0489205829799175
-0.0657786428928375
-0.0799513533711433
-0.0905491709709167
-0.0971862524747849
-0.0921500697731972
-0.0894159227609634
-0.0803197994828224
-0.0699071809649467
-0.0704719126224518
-0.0768058225512505
-0.0844606384634972
-0.100720636546612
-0.103206418454647
-0.105239190161228
-0.110145315527916
-0.109897129237652
-0.115930750966072
-0.13103187084198
-0.139240548014641
-0.139075815677643
-0.129869386553764
-0.118658073246479
-0.112594954669476
-0.106976568698883
-0.10479261726141
-0.116768784821033
-0.128546297550201
-0.144117534160614
-0.153769820928574
-0.15074810385704
-0.133852452039719
-0.111038111150265
-0.0907556861639023
-0.0833321735262871
-0.0815684497356415
-0.0753780156373978
-0.0692985728383064
-0.0634571462869644
-0.0610696822404861
-0.0643122419714928
-0.0652442798018456
-0.0676080882549286
-0.068797878921032
-0.0661226138472557
-0.0566007941961288
-0.0476618930697441
-0.0409771800041199
-0.0384388491511345
-0.0359906516969204
-0.0378317348659039
-0.0424273647367954
-0.0426592938601971
-0.0442655496299267
-0.0452820733189583
-0.0402163937687874
-0.0351785309612751
-0.0363147743046284
-0.0430225692689419
-0.0465694256126881
-0.0450471863150597
-0.0429621934890747
-0.0409390106797218
-0.0353594571352005
-0.0277602393180132
-0.0182287208735943
-0.0117366584017873
-0.00970884598791599
-0.00724564678966999
-0.00162049278151244
0.00397537834942341
0.00441238982602954
0.0018981525208801
0.00200984021648765
0.000734504137653857
-0.000822712027002126
0.00160992669407278
0.00588912889361382
0.00581581518054008
0.00139130209572613
-0.00144445220939815
0.000898714468348771
0.00200341362506151
0.00909823086112738
0.0181319359689951
0.023355457931757
0.0208802726119757
0.0173696428537369
0.0170074123889208
0.0197543725371361
0.0226650685071945
0.0263321734964848
0.0255805905908346
0.0228683184832335
0.0136191882193089
0.00451571820303798
-0.00105066492687911
0.000593955453950912
0.00325917103327811
0.00505979359149933
0.00458451919257641
0.00587567593902349
0.0107039455324411
0.012049613520503
0.0112265851348639
0.00827751681208611
0.00817980710417032
0.00572526175528765
0.00329343439079821
9.12350224098191e-05
0.00145375460851938
0.000169387698406354
0.000975071161519736
0.00609082635492086
0.0103782014921308
0.0151838306337595
0.0203661993145943
0.0168981328606606
0.0179597660899162
0.0189728233963251
0.0185195580124855
0.0226630531251431
0.0336366221308708
0.0284719057381153
0.0242733471095562
0.0222500897943974
0.0161580070853233
0.00875282566994429
0.00280407629907131
-0.00267383875325322
-0.003983941860497
0.000377344724256545
0.00348252686671913
0.00270060799084604
0.00381535547785461
0.00839772541075945
0.0105685824528337