0.00950953457504511
-0.000355522613972425
-0.00357876182533801
0.00183034874498844
0.00586766190826893
0.00496279262006283
0.00298620574176311
0.00415424071252346
0.00263334298506379
0.00116889597848058
0.00277772615663707
0.00295690400525928
-0.00176186650060117
-0.006613839417696
-0.00798560585826635
-0.00701364828273654
-0.00597660057246685
-0.00612358236685395
-0.00581246800720692
-0.00292451214045286
0.000988977029919624
0.00281100696884096
0.00188366137444973
-0.00136770214885473
-0.00466309115290642
-0.00557212717831135
-0.00461790757253766
-0.00255073537118733
0.00327918236143887
0.00871271919459105
0.00903774425387383
0.00565452640876174
0.00176509702578187
-0.000176364643266425
0.00208244798704982
0.0110636809840798
0.020746735855937
0.0257005896419287
0.029527748003602
0.0356350988149643
0.0387683510780334
0.0392691679298878
0.0428419075906277
0.0478580929338932
0.0505292974412441
0.0519333332777023
0.0533837676048279
0.0568845085799694
0.0618941485881805
0.071612723171711
0.0803015306591988
0.0853336602449417
0.0918574705719948
0.0996629223227501
0.101154044270515
0.0979501083493233
0.088701918721199
0.0819386318325996
0.0774430856108665
0.0754605159163475
0.0768661051988602
0.084603562951088
0.0907758176326752
0.0945372432470322
0.0900564938783646
0.0880058035254478
0.090357281267643
0.0909909680485725
0.0861894488334656
0.0810880213975906
0.0790527164936066
0.079910010099411
0.0884623676538467
0.0938536152243614
0.0970856621861458
0.0839867666363716
0.0715667307376862
0.0646635591983795
0.0713235437870026
0.0785166472196579
0.0555527545511723
0.0530906580388546
0.057341679930687
0.0597666762769222
0.0649377480149269
0.0690188854932785
0.0698897391557693
0.0762461796402931
0.080373652279377
0.0806894600391388
0.0740897580981255
0.0579647794365883
0.0434512831270695
0.0360220558941364
0.0312359780073166
0.0289044845849276
0.0296119786798954
0.0166270397603512
0.0188616346567869
0.0232916306704283
0.019749591127038
0.00315490900538862
-0.00917692016810179
-0.0165311340242624
-0.0188794881105423
-0.0196131430566311
-0.0250027105212212
-0.0364357903599739
-0.0577432028949261
-0.0692059844732285
-0.0706422552466393
-0.0656518787145615
-0.0603463836014271
-0.0588081851601601
-0.0610468871891499
-0.0612737350165844
-0.0595257990062237
-0.0621957443654537
-0.094334602355957
-0.105079032480717
-0.097822330892086
-0.0973739698529243
-0.100881010293961
-0.108591966331005
-0.12672059237957
-0.134082555770874
-0.13031667470932
-0.124631233513355
-0.126256734132767
-0.118878126144409
-0.111830793321133
-0.115694224834442
-0.12323534488678
-0.111512407660484
-0.101861655712128
-0.10164313018322
-0.112573780119419
-0.117614053189754
-0.117430448532104
-0.113317936658859
-0.100405976176262
-0.0936353355646133
-0.0875604897737503
-0.0974031165242195
-0.105464786291122
-0.106534853577614
-0.10612690448761
-0.0988840609788895
-0.0947235450148582
-0.0905981510877609
-0.0954394713044167
-0.114353261888027
-0.104117818176746
-0.0874579325318336
-0.0753798335790634
-0.0698968470096588
-0.073034442961216
-0.0811354592442513
-0.0812029913067818
-0.0721962302923203
-0.069888599216938
-0.0671266913414001
-0.0734824910759926
-0.0882435590028763
-0.095547117292881
-0.102005437016487
-0.115517258644104
-0.134491771459579
-0.11749080568552
-0.091855950653553
-0.0618684701621532
-0.0418590866029263
-0.0359154716134071
-0.0340871252119541
-0.047065231949091
-0.0619982182979584
-0.060567170381546
-0.0521246157586575
-0.044100247323513
-0.0352078266441822
-0.0233853105455637
-0.0233327746391296
-0.0279245786368847
-0.0305103752762079
-0.0288877822458744
-0.0225756764411926
-0.0190678555518389
-0.017824325710535
-0.0139940297231078
-0.0100374007597566
-0.011608649045229
-0.0243343133479357
-0.016270874068141
0.00822902098298073
-0.00244542048312724
-0.0269379764795303
-0.0405298545956612
-0.0257165562361479
-0.00849780067801476
-0.00869423989206553
-0.015788309276104
-0.0140463104471564
-0.0107077620923519
-0.00585245341062546
-0.0022857510484755
0.0027441845741123
0.0146092958748341
0.0181706063449383
0.0120566720142961
0.00565988104790449
0.00384537084028125
0.00442204531282187
0.00577017897740006
0.0135436076670885
0.021780526265502
0.0252233110368252
0.0270055681467056
0.0253247395157814
0.0192851275205612
0.0165378618985415
0.016817644238472
0.0167567245662212
0.0190909262746572
0.0301083270460367
0.0317992307245731
0.0215565711259842
0.0136282444000244
0.0118907326832414
0.0137818129733205
0.0147933354601264
0.0181706640869379
0.0247148741036654
0.0307046584784985
0.0338332802057266
0.026726258918643
0.0189957618713379
0.0134808989241719