0.0235813613981009
0.0133256549015641
0.00456230528652668
0.000374237686628476
0.00457221688702703
0.00710761500522494
0.00830054190009832
0.00471956981346011
0.00421500857919455
0.00570950983092189
0.00411970587447286
0.000194307052879594
-0.0018648630939424
-0.000903541687875986
0.00202829809859395
0.00204267795197666
0.00037871059612371
-0.00232576602138579
-0.000366801279596984
0.00154171243775636
-5.23144126418629e-06
-0.00197667046450078
-0.000831879850011319
-0.00053094100439921
-0.00187241856474429
0.00029719463782385
0.00497920252382755
0.00540989032015204
0.00779520580545068
0.0112785156816244
0.0175780579447746
0.0240077525377274
0.031351450830698
0.0423068068921566
0.0554746612906456
0.0646668896079063
0.0692098662257195
0.0682535767555237
0.0707084983587265
0.0741999745368958
0.0770459547638893
0.0830709040164948
0.0847627148032188
0.0824957638978958
0.0794323533773422
0.0782904699444771
0.0688156187534332
0.0673030093312263
0.0638115108013153
0.0684730708599091
0.0772851780056953
0.0793054699897766
0.0882333815097809
0.0850023627281189
0.0852573439478874
0.0841372236609459
0.0822798311710358
0.079977810382843
0.0773032531142235
0.0713397040963173
0.0664467141032219
0.0663438811898232
0.0752101466059685
0.0937213450670242
0.114738881587982
0.121355906128883
0.123303174972534
0.123064793646336
0.114835761487484
0.100447557866573
0.0914736241102219
0.0843922048807144
0.0840891972184181
0.0836619883775711
0.0805157795548439
0.0829819589853287
0.0835388451814651
0.0797233209013939
0.0673962384462357
0.0603967644274235
0.0516165606677532
0.0453008152544498
0.049005039036274
0.0529855117201805
0.055290762335062
0.0543062761425972
0.0525917559862137
0.0429616123437881
0.033197894692421
0.0239110067486763
0.0129269994795322
0.011977250687778
0.00716468133032322
0.00100927264429629
-0.0103930244222283
-0.0194813515990973
-0.0279171410948038
-0.0315044447779655
-0.0240187849849463
-0.0115907778963447
-0.00314541952684522
-0.00499431183561683
-0.0185998417437077
-0.0386997908353806
-0.0559469275176525
-0.065825067460537
-0.0684871003031731
-0.0677260458469391
-0.0651145428419113
-0.0620376504957676
-0.0667102634906769
-0.0787640959024429
-0.0850140154361725
-0.0886060297489166
-0.0871575102210045
-0.0784908384084702
-0.0789057686924934
-0.099643774330616
-0.126959890127182
-0.151501461863518
-0.149488300085068
-0.135003551840782
-0.119563318789005
-0.112889289855957
-0.105714879930019
-0.103915631771088
-0.110757559537888
-0.129315674304962
-0.144839271903038
-0.153876811265945
-0.155801236629486
-0.155838489532471
-0.150145038962364
-0.140438944101334
-0.128249526023865
-0.119830094277859
-0.109952740371227
-0.104003421962261
-0.0980620682239532
-0.0997812300920486
-0.121220178902149
-0.134405449032784
-0.126464873552322
-0.124558471143246
-0.124481461942196
-0.124012753367424
-0.114149175584316
-0.112706407904625
-0.112817473709583
-0.106751754879951
-0.100938953459263
-0.0927552133798599
-0.0851705819368362
-0.086517870426178
-0.0955468043684959
-0.0989329591393471
-0.092921681702137
-0.0825837403535843
-0.071123443543911
-0.0616548880934715
-0.0612000823020935
-0.0559340938925743
-0.0476099625229836
-0.0412059538066387
-0.0348153114318848
-0.0337039791047573
-0.0372829027473927
-0.0390052311122417
-0.0390839315950871
-0.0409532152116299
-0.041496716439724
-0.0417988076806068
-0.0406217835843563
-0.043093029409647
-0.0497842580080032
-0.0554466098546982
-0.0557319670915604
-0.054836817085743
-0.0542804524302483
-0.0484714135527611
-0.0467945486307144
-0.0389306209981441
-0.031050831079483
-0.0219501703977585
-0.0110423611477017
-0.0025297834072262
0.0046372301876545
0.00980975944548845
0.0151329394429922
0.0155943688005209
0.0133602218702435
0.00951729901134968
0.00877671968191862
0.0109437452629209
0.0141974976286292
0.0175186712294817
0.0212265159934759
0.0189471840858459
0.0137522714212537
0.0139674386009574
0.0151881696656346
0.0157002247869968
0.0178614668548107
0.0137020703405142
0.0149255469441414
0.0103387031704187
0.00230466923676431
0.00161539786495268
-0.0119161112233996
-0.00326120364479721
0.0329543352127075
0.0396790616214275
0.0181334037333727
0.0111221149563789
0.0059371474198997
0.0100515214726329
0.0123585080727935
0.0171828642487526
0.0191737022250891
0.0144545938819647
0.0114766480401158
0.0127819003537297
0.0164545197039843
0.0312054753303528